00000000000000000000000111111111
00000000000000001111011111111111
00000000000000000111100101111111
00000000000000000011110001111111
00000000000000000111100001111111
00000000000000000011100001111111
00000000000000000000000001111111
00000000000000000000000001111111
00000000000000000000000001111111
00000000000000000000000001111111
00000000000000000000000001111111
00000000000000000000000001111111
00000000000000000000000001111111
00000000000000000000000001111111
00000000000000000000000001111111
00000000000000000000001111111111
00000000010000000000001111111111
00000000010000000000010101111111
00000000010100000000010001111111
00000001110100000001111101111111
00000000011100000000111001111111
00000011111100011010110001111111
00000011100001111110010001111111
00000011101001111110000001111111
00000111111100010000000001111111
11111111111111111111111111111111
11111111111111111111111111111111
11111111111111111111111111111111
11111111111111111111111111111111
11111111111111111111111111111111
11111111111111111111111111111111
11111111111111111111111111111111

200

00000000
00000000
00011100
00111000
01111000
00001000
00000000
00000000

00111000
00110000
00010000
00010000
00010000
00010000
00010000
00000000

00000000
00000000
00000000
00111000
00101000
00000000
00000000
00000000

00000000
00000000
00000000
00111100
00100000
00000000
00000000
00000000

00000000
00000000
00000000
00111000
00101000
00000000
00000000
00000000

00000000
00011110
00011000
00010000
01111000
00001000
00000000
00000000

00000000
00000000
00000000
00011000
00000000
00000000
00000000
00000000

00000000
00000000
00000000
00011000
00000000
00000000
00000000
00000000

00000000
00000000
11111110
10000010
10000000
00000000
00000000
00000000

00000000
00000000
00000000
00010000
00000000
00000000
00000000
00000000

00000000
00000000
00011100
00111000
00001000
00000000
00000000
00000000

00000000
00000000
00000000
00011100
00110000
00000000
00000000
00000000

00000000
00000000
00000000
00011000
00011000
00000000
00000000
00000000

00000000
00000000
00000000
00010000
00000000
00000000
00000000
00000000

00000000
00000000
00000000
00011000
00000000
00000000
00000000
00000000

00000000
00000000
00000000
00111000
11111110
00000000
00000000
00000000

00000000
00000000
00000000
00010000
00000000
00000000
00000000
00000000

00000000
00000000
00011100
00011100
00110000
00110000
00000000
00000000

00000000
00000000
11111110
10110010
00000010
00000000
00000000
00000000

00000000
00000000
01111100
01010000
01000000
00000000
00000000
00000000

00000000
00000000
00011111
00111000
11110000
01000000
00000000
00000000

00000000
00000000
00000000
01111110
01000100
00000000
00000000
00000000

00000000
00000000
00000000
11110010
10011110
00000000
00000000
00000000

00000000
00000000
00000000
00111000
00101000
00000000
00000000
00000000

00000000
00000000
00000000
00010000
00000000
00000000
00000000
00000000

00000000
00000000
01111110
01100100
00101100
00000100
00000000
00000000

00000000
00000000
00000000
00111000
00100000
00000000
00000000
00000000

00000000
00000000
00111100
01110000
00100000
00110000
00000000
00000000

00000000
00000000
00000000
00011000
00000000
00000000
00000000
00000000

00000000
00000000
00000000
00011000
00011000
00000000
00000000
00000000

00000000
00000000
00000000
00111000
00111000
00000000
00000000
00000000

00000000
00000000
01111110
01001000
00001000
00000000
00000000
00000000

00000000
00000000
00000000
00010000
00000000
00000000
00000000
00000000

00000000
00000000
00111000
00110000
00010000
00000000
00000000
00000000

00000000
00000000
00000000
00111000
00100000
00000000
00000000
00000000

00000000
00000000
00000000
00011000
00010000
00000000
00000000
00000000

00000000
00000000
00111000
00111100
01110100
01100000
00000000
00000000

00000000
00000000
00011100
00011000
00001110
01111000
00000000
00000000

00000000
00000000
00111100
01110110
00000100
00000000
00000000
00000000

00000000
00000000
00111100
01101000
00100000
00000000
00000000
00000000

00000000
00011100
00111100
00101000
00100000
00100000
00000000
00000000

00000000
00000000
00000000
00011000
00000000
00000000
00000000
00000000

00000000
00000000
00011100
00010100
00110000
00000000
00000000
00000000

00000000
00000000
00000000
00011000
00000000
00000000
00000000
00000000

00000000
00000000
00111000
00100000
00100000
00000000
00000000
00000000

00000000
00000000
00011100
00111000
00101000
00100000
00000000
00000000

00000000
00000000
00000000
00111000
00111000
00000000
00000000
00000000

00000000
00000000
01111110
01101100
00100000
00000000
00000000
00000000

00000000
00000000
00111000
00110000
00100000
00000000
00000000
00000000

00000000
00000000
00111000
00110000
00011100
00000000
00000000
00000000

00000000
00000000
11111111
11110000
00010000
00000000
00000000
00000000

00000000
00000000
01111100
01101100
00100000
00000000
00000000
00000000

00000000
00000000
00111000
00100000
00100000
00000000
00000000
00000000

00000000
00000000
00011110
01111010
01011000
00001000
00000000
00000000

00000000
00000000
00000000
00011000
00011000
00000000
00000000
00000000

00000000
00000000
01111110
01100000
00100000
00000000
00000000
00000000

00000000
01111110
01100010
00100000
00100000
00100000
00000000
00000000

00000000
00000000
01111110
11110000
01000000
01000000
00000000
00000000

00000000
00000000
00111000
00100000
00100000
00000000
00000000
00000000

00000000
00000000
00111100
00110000
00010000
00010000
00000000
00000000

00000000
00000000
00000000
00111000
00110000
00000000
00000000
00000000

00000000
00111100
01111000
00010000
00010000
00010000
00000000
00000000

00000000
00000000
00000000
00010000
00000000
00000000
00000000
00000000

00000000
00000000
00000000
00011000
00011000
00000000
00000000
00000000

00000000
00000000
00000000
00011000
00000000
00000000
00000000
00000000

00000000
00000000
00000000
00111100
00100100
00000000
00000000
00000000

00000000
00000000
00000000
00011000
00010000
00000000
00000000
00000000

00000000
00000000
00000000
00111000
00100000
00000000
00000000
00000000

00000000
00000000
01110000
11111110
11000100
00000000
00000000
00000000

00000000
00000000
00000000
00010000
00000000
00000000
00000000
00000000

00000000
00000000
00011100
00011000
00111000
00100000
00000000
00000000

00000000
00000000
00011100
00111000
00110000
00000000
00000000
00000000

00000000
00000000
00111000
00110000
00011100
00000100
00000000
00000000

00000000
00000000
00000000
00111100
01100000
00000000
00000000
00000000

00000000
00111000
00111000
00010000
00010000
00010000
00000000
00000000

00000000
00000000
00011100
00111000
00010000
00000000
00000000
00000000

00000000
00000000
00000000
00111110
11110000
00000000
00000000
00000000

00000000
00000000
00000000
00011100
00110100
00000000
00000000
00000000

00000000
00000000
00000000
00011000
00010000
00000000
00000000
00000000

00000000
00000000
00011110
00111000
01111100
00000100
00000000
00000000

00000000
00000000
00111110
01110000
00010000
00010000
00000000
00000000

00000000
00000000
00011100
01111000
00001000
00001110
00000000
00000000

00000000
00000000
00111100
00111100
01100000
01100000
00000000
00000000

00000000
00111000
00110000
00010000
00011000
00110000
00000000
00000000

00000000
00000000
00000000
00011000
00000000
00000000
00000000
00000000

00000000
00000000
00000000
00111100
00100100
00000000
00000000
00000000

00000000
00011100
00111000
00100000
01100000
00110000
00010000
00000000

00000000
00000000
00011100
00010100
00110000
00000000
00000000
00000000

00000000
00000000
00000000
00111100
00100000
00000000
00000000
00000000

00000000
00000000
00111000
00101000
00100000
00000000
00000000
00000000

00000000
00000000
00000000
00011000
00011000
00000000
00000000
00000000

00000000
00000000
00000000
00011000
00011000
00000000
00000000
00000000

00000000
00000000
00011110
00110100
01100000
01100000
00000000
00000000

00000000
00001110
00001110
11111000
00100000
00100000
00000000
00000000

00000000
00000000
00000000
00111000
00100000
00000000
00000000
00000000

00000000
00000000
00000000
00010000
00000000
00000000
00000000
00000000

00000000
00000000
00000000
00111000
00100000
00000000
00000000
00000000

00000000
00000000
00000111
01111110
11010000
00010000
00000000
00000000

00000000
00000000
00011100
00011100
00001000
01111100
00000000
00000000

00000000
00000000
00011110
01110010
01000000
00000000
00000000
00000000

00000000
00000000
00000000
00011000
00000000
00000000
00000000
00000000

00000000
00000000
00000000
00111000
00101000
00000000
00000000
00000000

00000000
00000000
00000000
00011000
00010000
00000000
00000000
00000000

00000000
00000000
00000000
00111100
00101000
00000000
00000000
00000000

00000000
00000000
00111110
00101000
11100000
00000000
00000000
00000000

00000000
00000000
00111100
01100110
01000000
00000000
00000000
00000000

00000000
00000000
00011100
01111100
00010000
00110000
00000000
00000000

00000000
00000000
00011100
00111000
00001000
00000000
00000000
00000000

00000000
00000000
00000000
00011000
00000000
00000000
00000000
00000000

00000000
00000000
00111100
11110110
11000000
00000000
00000000
00000000

00000000
00000000
00111100
00100000
01110000
00000000
00000000
00000000

00000000
00000000
00000000
00111000
00100000
00000000
00000000
00000000

00000000
00000000
00000000
00011000
00000000
00000000
00000000
00000000

00000000
00000000
00000000
00011000
00010000
00000000
00000000
00000000

00000000
00000000
00000000
00011000
00011000
00000000
00000000
00000000

00000000
00000000
00000000
00011000
00010000
00000000
00000000
00000000

00000000
00000000
00111000
00101000
00100000
00000000
00000000
00000000

00000000
00000000
00011100
00010100
00110000
00000000
00000000
00000000

00000000
00000000
00000000
01111100
01010000
00000000
00000000
00000000

00000000
00000000
00111000
00100000
00100000
00000000
00000000
00000000

00000000
00000000
00001111
01111101
11100000
00000000
00000000
00000000

00000000
00000000
01111100
01100000
00110000
00000000
00000000
00000000

00000000
00000000
00000000
00011100
00110100
00000000
00000000
00000000

00000000
00000000
00011100
00111000
00010000
00000000
00000000
00000000

00000000
00000000
00000000
00011000
00011000
00000000
00000000
00000000

00000000
00000000
00000000
01111110
01000000
00000000
00000000
00000000

00000000
00000000
00000000
00011000
00011000
00000000
00000000
00000000

00000000
00000000
00000000
00111100
00100000
00000000
00000000
00000000

00000000
00000000
00111000
00110000
00100000
00000000
00000000
00000000

00000000
00000000
00111110
11100100
00100000
00000000
00000000
00000000

00000000
01111100
01010000
00010000
00011000
00001000
00000000
00000000

00000000
00000000
00011100
01111000
00100000
00000000
00000000
00000000

00000000
00000000
00000000
00011000
00010000
00000000
00000000
00000000

00000000
00111100
00111000
00010000
00111000
00001000
00000000
00000000

00000000
00000000
00000000
00111100
00100000
00000000
00000000
00000000

00000000
00000000
11111001
10001111
00000001
00000000
00000000
00000000

00000000
00000000
00000000
00011000
00011000
00000000
00000000
00000000

00000000
00000000
01111000
01100000
00110000
00011100
00000000
00000000

00000000
00000000
00111100
00100000
00100000
00000000
00000000
00000000

00000000
00000000
00000000
00111000
00100000
00000000
00000000
00000000

00000000
00000000
00000000
00111000
00100000
00000000
00000000
00000000

00000000
00000000
00000000
00111100
00100100
00000000
00000000
00000000

00000000
00000000
00000000
00011000
00010000
00000000
00000000
00000000

00000000
00000000
00000000
00011000
00010000
00000000
00000000
00000000

00000000
00000000
00111000
00110000
00100000
00000000
00000000
00000000

00000000
00011110
00010010
00010000
00010000
11110000
00000000
00000000

00000000
00000000
00011100
00111000
01100000
00100000
00000000
00000000

00000000
00000000
00000000
00111100
00100100
00000000
00000000
00000000

00000000
00000000
00000000
00010000
00000000
00000000
00000000
00000000

00000000
00000000
00000000
00111100
00110000
00000000
00000000
00000000

00000000
00000000
01110000
01100000
11111110
00010000
00000000
00000000

00000000
00000000
00000000
00010000
00000000
00000000
00000000
00000000

00000000
00000000
01111110
01101000
01001000
01001000
00000000
00000000

00000000
00000000
00011100
00111000
00110000
00010000
00000000
00000000

00000000
00000000
00000000
00111100
00110100
00000000
00000000
00000000

00000000
00000000
00000000
00111100
00100000
00000000
00000000
00000000

00000000
00000000
00000000
00111000
00100000
00000000
00000000
00000000

00000000
00000000
00000000
00011000
00010000
00000000
00000000
00000000

00000000
00000000
00000000
00011100
00110000
00000000
00000000
00000000

00000000
00000000
00111110
01100000
00111000
00000000
00000000
00000000

00000000
00000000
00000000
00011000
00000000
00000000
00000000
00000000

00000000
00000000
00000000
00011000
00011000
00000000
00000000
00000000

00000000
00000000
00000000
00011000
00011000
00000000
00000000
00000000

00000000
00000000
00000000
00011000
00010000
00000000
00000000
00000000

00000000
00000000
00000000
00111100
00110100
00000000
00000000
00000000

00000000
00000000
00011100
00111000
00001100
00000000
00000000
00000000

00000000
00000000
00000000
00010000
00000000
00000000
00000000
00000000

00000000
00000000
00011110
01110000
00010000
00011100
00000000
00000000

00000000
00111000
00110000
00010000
00010000
00011000
00001000
00000000

00000000
00000000
00011110
00011000
00010000
01110000
00000000
00000000

00000000
00000000
01111110
01100100
00001100
00000000
00000000
00000000

00000000
00000000
00111100
00110000
00100000
00100000
00000000
00000000

00000000
00001110
00001100
00001000
01111000
00001000
00001100
00000000

00000000
00000000
00000000
00011000
00000000
00000000
00000000
00000000

00000000
00000000
00111100
00100000
00110000
00000000
00000000
00000000

00000000
00000000
00111000
00111000
00100000
00000000
00000000
00000000

00000000
00000000
00001110
01111100
00000100
00000000
00000000
00000000

00000000
00000000
00000000
00111000
00110000
00000000
00000000
00000000

00000000
00000000
01111000
01101000
01001100
00000000
00000000
00000000

00000000
00000000
00111100
00100000
00110000
00000000
00000000
00000000

00000000
00000000
00111100
00100000
00100000
00000000
00000000
00000000

00000000
00000000
00000000
00010000
00000000
00000000
00000000
00000000

00000000
00000000
00000000
00111110
01111010
00000000
00000000
00000000

00000000
00000000
00000000
00011000
00000000
00000000
00000000
00000000

00000000
00000000
00000000
00010000
00000000
00000000
00000000
00000000

00000000
00000000
00111100
00110100
00010100
00000000
00000000
00000000

00000000
00000000
00111110
11110000
00011000
00000000
00000000
00000000

00000000
00000000
00111000
00100000
00100000
00000000
00000000
00000000

00000000
00000000
00000000
00011100
00111000
00000000
00000000
00000000

00000000
00000000
11111111
10010000
10000000
00000000
00000000
00000000

00000000
00000000
00111000
00111100
00100000
00000000
00000000
00000000

00000000
00000000
00111100
00101000
00100000
01100000
00000000
00000000

00000000
00000000
00000000
00111100
00100000
00000000
00000000
00000000

00000000
00000000
00111000
00100000
00100000
00000000
00000000
00000000

00000000
00000000
00000000
00011000
00010000
00000000
00000000
00000000

00000000
00000000
00000000
00010000
00000000
00000000
00000000
00000000

00000000
00111000
00110000
00010000
00110000
00100000
00111000
00000000

00000000
00000000
00111100
01100000
00100000
00000000
00000000
00000000

00000000
00000000
00000000
00111100
00110000
00000000
00000000
00000000

00000000
00000000
01111000
01101100
00101100
00000000
00000000
00000000
