00000000000000000000000001111111
00000000000000000000000001111111
00000000000000000000000001111111
00000000000000000000000001111111
00000000000000000000000001111111
00000000000000000000000001111111
00000000000000000000000001111111
00000000000000000000000001111111
00000000000000000000000001111111
00000000000000000000000001111111
00000000000000000000000001111111
00000000000000000000000001111111
00000000000000000000000001111111
00000001000000000000011101111111
00000001100000000000011001111111
00000011111000000011111001111111
00000111111100000000001101111111
00000011110000000000001111111111
00011101111000000000011101111111
01111000000000000000000101111111
01011000000000000000000001111111
00011000000000000000000001111111
00010000000000000000000001111111
00111100000000000000000001111111
11100000000000000000000001111111
11111111111111111111111111111111
11111111111111111111111111111111
11111111111111111111111111111111
11111111111111111111111111111111
11111111111111111111111111111111
11111111111111111111111111111111
11111111111111111111111111111111

200

00000000
00000000
00111110
01110000
00010000
00000000
00000000
00000000

00000000
00000000
00111000
00101000
00100000
00000000
00000000
00000000

00000000
00000000
01111110
11100011
10000000
00000000
00000000
00000000

00000000
00111100
00111000
00100000
00110000
00100000
00000000
00000000

00000000
00000000
00001111
00001100
00111100
11100000
00000000
00000000

00000000
00000000
01111110
01001000
01000000
00000000
00000000
00000000

00000000
00000000
00000000
00010000
00000000
00000000
00000000
00000000

00000000
00000000
00000000
00011000
00011000
00000000
00000000
00000000

00000000
00000000
00000000
01111100
01000100
00000000
00000000
00000000

00000000
00000000
00000000
00011000
00000000
00000000
00000000
00000000

00000000
00111100
01101000
01000000
01100000
00100000
00000000
00000000

00000000
00000000
01111100
01000000
01111000
00100000
00000000
00000000

00000000
00000000
00000000
00010000
00000000
00000000
00000000
00000000

00000000
00000000
00111110
00100000
01100000
00000000
00000000
00000000

00000000
00000000
00000000
00011000
00010000
00000000
00000000
00000000

00000000
00000000
00000000
00111100
01100000
00000000
00000000
00000000

00000000
00000000
00000000
00010000
00000000
00000000
00000000
00000000

00000000
00000000
00000000
00011000
00000000
00000000
00000000
00000000

00000000
01111100
01001000
00001000
00001000
00001000
00000000
00000000

00000000
00000000
00000000
00011000
00011000
00000000
00000000
00000000

00000000
00000000
00000000
00011000
00010000
00000000
00000000
00000000

00000000
00111000
00111100
01100000
00100000
00100000
00000000
00000000

00000000
00000000
00000000
00111000
00100000
00000000
00000000
00000000

00000000
00011100
00011000
00001000
00111000
00011000
00000000
00000000

00000000
00000000
01111110
11111000
01000000
01000000
00000000
00000000

00000000
01111000
01010000
00010000
00011100
00000110
00000000
00000000

00000000
00000000
00000000
00111110
01110000
00000000
00000000
00000000

00000000
00000000
00000000
00111000
00110000
00000000
00000000
00000000

00000000
00000000
00000000
00010000
00000000
00000000
00000000
00000000

00000000
00000000
00111000
00100000
00100000
00000000
00000000
00000000

00000000
00000000
00000000
01111110
11100100
00000000
00000000
00000000

00000000
00000000
00111100
01100000
01100000
00000000
00000000
00000000

00000000
00000000
00111100
00100000
00100000
00000000
00000000
00000000

00000000
00000000
00000000
00011000
00011000
00000000
00000000
00000000

00000000
00000000
00000000
00011100
00110000
00000000
00000000
00000000

00000000
00000000
00000000
01111110
01000000
00000000
00000000
00000000

00000000
00000000
00011111
11110010
00100000
00000000
00000000
00000000

00000000
00000000
00000000
00011000
00000000
00000000
00000000
00000000

00000000
00000000
00000000
00011000
00010000
00000000
00000000
00000000

00000000
00000000
00000000
01111110
01011000
00000000
00000000
00000000

00000000
00000000
00000000
00111000
00100000
00000000
00000000
00000000

00000000
00000000
01111010
11011110
00000100
00000000
00000000
00000000

00000000
00000000
00000000
00111000
00110000
00000000
00000000
00000000

00000000
00000000
00011100
01111000
01010000
00010000
00000000
00000000

00000000
00000000
00111000
00110000
00010000
00000000
00000000
00000000

00000000
00111110
00100000
00100000
01100000
01000000
01000000
00000000

00000000
00111000
00110000
01111000
00001100
00001000
00000000
00000000

00000000
00000000
00000000
00011000
00010000
00000000
00000000
00000000

00000000
00000000
00000000
00011000
00010000
00000000
00000000
00000000

00000000
01111000
01101100
00001000
00001000
00001000
00000000
00000000

00011100
00111000
00010000
00010000
00110000
00010000
00011000
00000000

00000000
00000000
00111100
01101000
01001000
00000000
00000000
00000000

00000000
00000000
00000000
00111100
01100000
00000000
00000000
00000000

00000000
00000000
00000000
00111100
01100000
00000000
00000000
00000000

00000000
00000000
00011100
00111000
00001000
00000000
00000000
00000000

00000000
00000000
01111000
01001110
01000000
00000000
00000000
00000000

00000000
00000000
00000000
01111100
01110000
00000000
00000000
00000000

00000000
00000000
00011110
00011000
01110000
01000000
00000000
00000000

00000000
00000000
01111100
01011000
01001110
00000000
00000000
00000000

00000000
00000000
00000000
11111111
11001000
00000000
00000000
00000000

00000000
00000000
00011100
00011000
01110000
00000000
00000000
00000000

00000000
00000000
00111000
00100000
00100000
00000000
00000000
00000000

00000000
01111100
01100000
00100000
01110000
00100000
00100000
00000000

00000000
00000000
00000000
00011000
00000000
00000000
00000000
00000000

00000000
00011100
00011000
00010000
00110000
00010000
00000000
00000000

00000000
00000000
00000000
00111100
00101000
00000000
00000000
00000000

00000000
00000000
00011100
11111110
00010100
00010000
00000000
00000000

00000000
00000000
00000000
00011000
00010000
00000000
00000000
00000000

00000000
00001110
00001110
01111000
00100000
00100000
00100000
00000000

00000000
00000000
00000000
00010000
00000000
00000000
00000000
00000000

00000000
00000000
00000000
00011100
00110100
00000000
00000000
00000000

00000000
00000000
00111110
01100100
00000100
00000000
00000000
00000000

00000000
00000000
00011100
00011000
00110000
00010000
00000000
00000000

00000000
00000000
00000000
00011000
00010000
00000000
00000000
00000000

00000000
00000000
00000000
01111100
01100100
00000000
00000000
00000000

00000000
00000000
00000000
00011000
00000000
00000000
00000000
00000000

00000000
00000000
00000000
00111000
00101000
00000000
00000000
00000000

00000000
00000000
00111000
00110000
00010000
00000000
00000000
00000000

00000000
00000000
00000000
00011000
00000000
00000000
00000000
00000000

00111000
00110000
00011000
00011000
00001000
00001100
00001000
00000000

00000000
00000000
00111100
00100000
00100000
00000000
00000000
00000000

00000000
00000000
00111100
01110000
00010000
00000000
00000000
00000000

00000000
00000000
00000000
00011000
00010000
00000000
00000000
00000000

00000000
00000000
00000000
01111100
01101000
00000000
00000000
00000000

00000000
00000000
00111000
00101100
00100000
00000000
00000000
00000000

00000000
00000000
00000000
00011000
00000000
00000000
00000000
00000000

00000000
00000000
00000000
01111010
11001110
00000000
00000000
00000000

00000000
00111100
00110000
00010000
00010000
00110000
00100000
00000000

00000000
00000000
00000000
00111000
00111000
00000000
00000000
00000000

00000000
00000000
00000000
00011000
00010000
00000000
00000000
00000000

00000000
00000000
00111110
00100000
11110000
00000000
00000000
00000000

00000000
00000000
00001110
00001100
01111000
00000000
00000000
00000000

00000000
00000000
00111000
00110000
00010000
00000000
00000000
00000000

00000000
00000000
01111000
01101100
01001000
00000000
00000000
00000000

00000000
00000000
00000000
00111000
00111000
00000000
00000000
00000000

00000000
00000000
00000000
00011000
00010000
00000000
00000000
00000000

00000000
00000000
00111000
01110000
00011000
00001100
00000000
00000000

00000000
00000000
01111100
01000000
01000000
00000000
00000000
00000000

00000000
00000000
00000000
00011100
00110000
00000000
00000000
00000000

00000000
00000000
00000000
11111011
11001110
00000000
00000000
00000000

00000000
00000000
00111000
01111100
00010000
00000000
00000000
00000000

00000000
00000000
00000000
00011100
00110000
00000000
00000000
00000000

00000000
00000000
00000000
00011000
00011000
00000000
00000000
00000000

00000000
00000000
00000000
00011000
00000000
00000000
00000000
00000000

00000000
00000000
00000000
00010000
00000000
00000000
00000000
00000000

00000000
00011100
00111000
01110000
00110000
00010000
00010000
00000000

00000000
00000000
00000000
00011000
00010000
00000000
00000000
00000000

00000000
00000000
01111100
01100000
00100000
00000000
00000000
00000000

00000000
00000000
00000000
01111100
01001000
00000000
00000000
00000000

00000000
00000000
00111100
00100000
00100000
00000000
00000000
00000000

00000000
00000000
00011100
00111100
00110000
00000000
00000000
00000000

00000000
00000000
00111100
00101000
00001000
00001000
00000000
00000000

00000000
00000000
00000000
00011000
00010000
00000000
00000000
00000000

00000000
00000000
00000000
00011000
00010000
00000000
00000000
00000000

00000000
00000000
00000000
00011000
00010000
00000000
00000000
00000000

00000000
00000000
00111100
00100100
00100100
00000000
00000000
00000000

00000000
00000000
00000000
00011000
00010000
00000000
00000000
00000000

00000000
00000000
00000000
00011000
00010000
00000000
00000000
00000000

00000000
00000000
00111100
00100000
00100000
00000000
00000000
00000000

00000000
00000000
00111000
00100000
00100000
00000000
00000000
00000000

00000000
00111110
00110000
00100000
01100000
01000000
00000000
00000000

00000000
00000000
01111000
01001000
01101000
00001100
00000000
00000000

00000000
00000000
00000000
00011000
00011000
00000000
00000000
00000000

00000000
00000000
00011100
00111000
00110000
00010000
00000000
00000000

00000000
00000000
11111110
10101100
00000100
00000000
00000000
00000000

00000000
00000000
01111110
11010100
01000000
00000000
00000000
00000000

00000000
00000000
00111110
01110000
01011000
00010000
00000000
00000000

00000000
00000000
00000000
00011000
00000000
00000000
00000000
00000000

00000000
00000000
00000000
00111100
01110000
00000000
00000000
00000000

00000000
00000000
00000000
00111100
00110000
00000000
00000000
00000000

00000000
00000000
00000000
00111100
00100100
00000000
00000000
00000000

00000000
00000000
00000000
01111110
01010010
00000000
00000000
00000000

00000000
00000000
00000000
00111110
11101000
00000000
00000000
00000000

00000000
00011100
00011000
00111000
00001000
00111000
00000000
00000000

00000000
00000000
00000000
00011000
00010000
00000000
00000000
00000000

00000000
00000000
11111111
10010000
00010000
00010000
00000000
00000000

00000000
00000000
00000000
00011000
00000000
00000000
00000000
00000000

00000000
00000000
00111100
00110100
00010000
00011000
00000000
00000000

00000000
00000000
00000000
01111100
01000000
00000000
00000000
00000000

00000000
00000000
00000000
00011000
00010000
00000000
00000000
00000000

00000000
00000000
00111100
01110100
00000110
00000000
00000000
00000000

00000000
00000000
00011110
01111000
00100000
00000000
00000000
00000000

00000000
00000000
00000000
00011100
00110000
00000000
00000000
00000000

00000000
00000000
00011100
00110100
00010000
00000000
00000000
00000000

00000000
00000000
00111110
01110100
01000000
00000000
00000000
00000000

00000000
00000000
00000000
00011000
00000000
00000000
00000000
00000000

00000000
00000000
00111000
00110000
01111110
00000010
00000000
00000000

00000000
00000000
00001110
10111100
11101000
01000000
00000000
00000000

00000000
00000000
00111000
00110000
00010000
00000000
00000000
00000000

00000000
00000000
00000000
00011000
00000000
00000000
00000000
00000000

00000000
00000000
00111100
01100110
01000000
00000000
00000000
00000000

00000000
00000000
01111110
01010000
01000000
00000000
00000000
00000000

00000000
00000000
00000000
00011000
00010000
00000000
00000000
00000000

00000000
00000000
00000000
00011000
00010000
00000000
00000000
00000000

00000000
00000000
00111100
00110100
00100100
00000000
00000000
00000000

00000000
00000000
00000000
00010000
00000000
00000000
00000000
00000000

00000000
00000000
01111110
11110000
00011000
00010000
00000000
00000000

00000000
00000000
00111100
00100100
01100000
00000000
00000000
00000000

00000000
00111100
00111000
00010000
00010000
00011000
00011000
00000000

00000000
00000000
00000000
00111000
00100000
00000000
00000000
00000000

00000000
00000000
00111100
00100000
00111100
00000000
00000000
00000000

00000000
00000000
00111100
01110000
00100000
00000000
00000000
00000000

00000000
00111000
00110000
00011110
00110000
01100000
00000000
00000000

00000000
00000000
00000000
00011000
00010000
00000000
00000000
00000000

00000000
00000000
00000000
00111100
01100100
00000000
00000000
00000000

00000000
00000000
00000000
00111100
01110000
00000000
00000000
00000000

00000000
00000000
00000000
00111000
00100000
00000000
00000000
00000000

00000000
00000000
00011100
01111110
11010010
00000000
00000000
00000000

00000000
00000000
00111100
00100000
00100000
00100000
00000000
00000000

00000000
00000000
01111010
11101110
01001000
00000000
00000000
00000000

00000000
00000000
00111110
01100100
01000000
00000000
00000000
00000000

00000000
00000000
00000000
00111110
01101010
00000000
00000000
00000000

00000000
00000000
00000000
00011000
00010000
00000000
00000000
00000000

00000000
00000000
00000000
00011000
00000000
00000000
00000000
00000000

00000000
00000000
00111000
00110000
00011000
00000000
00000000
00000000

00000000
00000000
00111110
00101000
01100000
00000000
00000000
00000000

00000000
00000000
00000000
00010000
00000000
00000000
00000000
00000000

00000000
00000000
00111100
00100000
00111000
00000000
00000000
00000000

00000000
00000000
00111100
11111110
01000010
00000000
00000000
00000000

00000000
00000000
00000000
00011000
00010000
00000000
00000000
00000000

00000000
00000000
00011100
00111000
00001000
00000000
00000000
00000000

00000000
00000000
00000000
00011000
00000000
00000000
00000000
00000000

00000000
00000000
00111000
00111100
00100000
00000000
00000000
00000000

00000000
00000000
00000000
00111000
00100000
00000000
00000000
00000000

00000000
00000000
11100000
11000110
01111100
01000000
00000000
00000000

00000000
00000000
11111000
11001110
00000010
00000000
00000000
00000000

00000000
00000000
00000000
00010000
00000000
00000000
00000000
00000000

00000000
00000000
01111100
01010000
00010000
00010000
00000000
00000000

00000000
00000000
00111100
01100110
01000000
00000000
00000000
00000000

00000000
00000000
00011100
00111000
00100000
00000000
00000000
00000000

00000000
00000000
00000000
00011000
00000000
00000000
00000000
00000000

00000000
00000000
00111000
00100000
00100000
00000000
00000000
00000000

00000000
00000000
00000000
00011000
00010000
00000000
00000000
00000000

00000000
00000000
00000000
00011110
01111000
00000000
00000000
00000000

00000000
00000000
00111110
01111000
11101000
00000000
00000000
00000000

00000000
00000000
00111100
01100000
01000000
00000000
00000000
00000000

00000000
00000000
01111100
01001000
00001100
00000000
00000000
00000000

00000000
00000000
01111100
01001000
01001100
00000000
00000000
00000000

00000000
00000000
00111100
00100000
00110000
00000000
00000000
00000000

00000000
00000000
00000000
00111110
01100000
00000000
00000000
00000000
