00000000000000000000000001111111
00000000000010000000000001111111
00000000000011000000000001111111
00000000000110000000000001111111
00000000000110000000110001111111
00000000000100000011110001111111
00000000000000000011100001111111
00011101100000001110000001111111
00010011110100000000000001111111
01111000000100000000000001111111
01100000100100000110000001111111
00011001110001101110000001111111
00110111110001011000000001111111
00010001110001001000000001111111
00000011110100000011000001111111
00000011011100000011100001111111
00000000001000000010000001111111
00000000000000000000000001111111
10100000011100000000000001111111
11101000001000000000000011111111
11101101000000000000000011111111
00001011000110000001100001111111
00001000000010000011111001111111
10001100000000000001001001111111
11000000000000010000000001111111
11111111111111111111111111111111
11111111111111111111111111111111
11111111111111111111111111111111
11111111111111111111111111111111
11111111111111111111111111111111
11111111111111111111111111111111
11111111111111111111111111111111

200

00000000
00000000
00000000
00011110
01110000
00000000
00000000
00000000

00000000
00011100
01111000
00100000
00110000
00100000
00100000
00000000

00000000
00000000
01111000
01001100
01100000
00100000
00000000
00000000

00000000
00000000
00000000
00111000
00100000
00000000
00000000
00000000

00000000
00111100
00101000
00001100
00001000
00011000
00001000
00000000

00000000
00000000
00000000
00011000
00000000
00000000
00000000
00000000

00000000
00000000
01111110
01000100
00000110
00000000
00000000
00000000

00000000
00000000
00011100
00111000
00001000
00001000
00000000
00000000

00000000
00000000
00000000
00011000
00000000
00000000
00000000
00000000

00000000
00000000
00001110
00111100
01100000
00000000
00000000
00000000

00000000
00000000
00000000
00011000
00010000
00000000
00000000
00000000

00000000
00000000
00000000
00011000
00000000
00000000
00000000
00000000

00000000
00000000
00011100
00111000
00011000
00000000
00000000
00000000

00000000
00000000
00111000
00110000
00010000
00011000
00000000
00000000

00000000
00001110
01001100
01111000
00001000
00001000
00001000
00000000

00000000
00000000
00111100
00110100
00000100
00000000
00000000
00000000

00000000
00000000
00001110
00111100
01100000
00000000
00000000
00000000

00000000
00000000
00000000
00111100
00101000
00000000
00000000
00000000

00000000
00000000
00111100
00110100
00100000
00000000
00000000
00000000

00000000
00000000
00000000
00111100
00100000
00000000
00000000
00000000

00000000
01111000
01100000
00100100
00111100
00000100
00000000
00000000

00000000
00011100
00111000
00001000
00001000
00011000
00000000
00000000

00000000
00000000
00111100
00111100
00110000
00010000
00000000
00000000

00000000
00000000
01111000
01001100
01000000
01100000
00000000
00000000

00000000
00000000
00011110
01111000
00110000
00000000
00000000
00000000

00000000
00000000
00000000
00011100
00110000
00000000
00000000
00000000

00000000
00000000
00000000
00111100
00100000
00000000
00000000
00000000

00000000
00111000
00110000
00011000
00001000
00001000
00000000
00000000

00000000
00000000
00000000
00011000
00011000
00000000
00000000
00000000

00000000
00000000
00111100
00101000
00100000
00000000
00000000
00000000

00000000
00000000
00000000
00111100
00101000
00000000
00000000
00000000

00000000
00000000
00000000
00011000
00011000
00000000
00000000
00000000

00000000
00000000
00111100
01100000
00100000
00000000
00000000
00000000

00000000
00000000
00111111
11111000
00010000
00000000
00000000
00000000

00000000
00000000
00000000
00010000
00000000
00000000
00000000
00000000

00000000
00000000
00111000
00100000
00100000
00000000
00000000
00000000

00000000
01111100
01110000
00110000
00010000
00010000
00000000
00000000

00000000
00000000
00000000
00111100
00100000
00000000
00000000
00000000

00000000
00111000
00110000
00010000
00011000
00111000
00100000
00000000

00000000
00000000
00000000
00111000
00100000
00000000
00000000
00000000

00000000
00000000
00000000
00011000
00010000
00000000
00000000
00000000

00000000
00000000
00000000
00111100
01111000
00000000
00000000
00000000

00000000
00000000
00011100
00011100
01110000
01010000
00000000
00000000

00000000
00000000
00000000
00011000
00010000
00000000
00000000
00000000

00000000
01111100
01111000
01000000
01100000
01000000
00000000
00000000

00000000
00000000
00111100
00110000
00010000
00000000
00000000
00000000

00000000
00000000
01111010
01101110
00100100
00000000
00000000
00000000

00000000
00000000
00000000
00111000
00111000
00000000
00000000
00000000

00000000
00000000
00000000
01111110
01100010
00000000
00000000
00000000

00000000
00000000
00000000
00111100
00101000
00000000
00000000
00000000

00000000
00000000
01111100
01010000
01000000
00000000
00000000
00000000

00000000
00000000
00111110
01111000
01010000
11000000
00000000
00000000

00000000
00011100
00011000
00111000
00001000
00001000
00000000
00000000

00000000
00000000
00011100
00011000
00111000
00110000
00000000
00000000

00000000
00000000
00000000
00011000
00010000
00000000
00000000
00000000

00000000
00000000
00011110
00011000
00001000
01111000
00000000
00000000

00000000
00000000
00000000
00011000
00000000
00000000
00000000
00000000

00000000
00111000
00110000
00100100
01111100
00000100
00000000
00000000

00000000
00000000
00001110
11111100
00001000
00000000
00000000
00000000

00000000
00000000
00000000
00011000
00010000
00000000
00000000
00000000

00000000
00000000
00000000
00010000
00000000
00000000
00000000
00000000

00000000
00000000
00000000
01111010
01001110
00000000
00000000
00000000

00000000
01110000
01100000
00101100
00111000
00001000
00000000
00000000

00000000
00000000
00000000
00111000
00100000
00000000
00000000
00000000

00000000
00000000
00000000
00011100
00110100
00000000
00000000
00000000

00000000
00000000
00000000
00111000
00100000
00000000
00000000
00000000

00000000
00000000
00000000
00111000
00101000
00000000
00000000
00000000

00000000
00000000
01111100
01000100
01000000
00000000
00000000
00000000

00000000
00000000
00011110
00011100
01111000
00010000
00000000
00000000

00000000
00000000
00000000
00010000
00000000
00000000
00000000
00000000

00000000
00000000
01111110
01000100
01000000
00000000
00000000
00000000

00000000
01111100
01100000
01000000
01000000
01000000
00000000
00000000

00000000
00000000
00111000
00110000
00010000
00000000
00000000
00000000

00000000
00000000
00000000
00010000
00000000
00000000
00000000
00000000

00000000
00000000
00000000
00011000
00000000
00000000
00000000
00000000

00000000
00000000
00111100
00110000
00010000
00010000
00000000
00000000

00000000
00000000
00000000
00111110
01110100
00000000
00000000
00000000

00000000
00011100
00011100
00011000
00010000
00110000
00010000
00000000

00000000
00000000
00000000
01111110
01011000
00000000
00000000
00000000

00000000
00000000
01111000
01101100
00100000
00000000
00000000
00000000

00000000
00000000
00000000
00111110
01100010
00000000
00000000
00000000

00000000
00000000
01111100
01000000
01000000
00000000
00000000
00000000

00000000
00000000
00000000
00011000
00010000
00000000
00000000
00000000

00000000
00011100
01111000
00001000
00011000
00110000
00000000
00000000

00000000
00000000
00001110
00101100
11111000
00000000
00000000
00000000

00000000
00000000
00000000
00010000
00000000
00000000
00000000
00000000

00000000
00000000
00000000
01111110
01011000
00000000
00000000
00000000

00000000
00000000
00000000
00011110
01110000
00000000
00000000
00000000

00000000
00000000
00111100
00111000
00111100
00000000
00000000
00000000

00000000
00000000
00000000
00011000
00000000
00000000
00000000
00000000

00000000
00000000
00000000
00111000
00110000
00000000
00000000
00000000

00000000
00000000
00000000
00111000
00100000
00000000
00000000
00000000

00000000
00000000
00000000
00011000
00000000
00000000
00000000
00000000

00000000
00001110
00011110
00010000
01110000
00110000
00000000
00000000

00000000
00000000
00000000
00011000
00011000
00000000
00000000
00000000

00000000
00000000
00000000
00111000
00100000
00000000
00000000
00000000

00000000
00000000
00000000
00011110
11110100
00000000
00000000
00000000

00000000
00111110
01111000
00010000
00010000
00010000
00000000
00000000

00000000
00000000
00000000
00011110
01110010
00000000
00000000
00000000

00000000
00000000
00111000
00100000
00100000
00000000
00000000
00000000

00000000
00000000
00011110
01110100
00100110
00000100
00000000
00000000

00000000
00011100
00011000
00110000
01110000
01100000
00000000
00000000

00000000
00000000
00000000
00010000
00000000
00000000
00000000
00000000

00000000
00000000
00111000
00110000
00010000
00000000
00000000
00000000

00000000
00011100
01111000
00100000
00111000
00010000
00010000
00000000

00000000
00000000
00000000
00011000
00010000
00000000
00000000
00000000

00000000
01111000
01101100
00000100
00001100
00001100
00000000
00000000

00000000
00000000
00000000
00011000
00011000
00000000
00000000
00000000

00000000
00000000
00111000
00101000
00100000
00000000
00000000
00000000

00000000
00000000
01111110
01100000
11000000
10000000
00000000
00000000

00000000
00000000
00011100
01111000
00011110
00000010
00000000
00000000

00000000
00000000
00000000
01111100
01000000
00000000
00000000
00000000

00000000
00000000
00000000
00011000
00010000
00000000
00000000
00000000

00000000
00000000
00000000
00011000
00000000
00000000
00000000
00000000

00000000
00000000
00000000
00111000
00110000
00000000
00000000
00000000

00000000
00000000
00000000
00111000
00100000
00000000
00000000
00000000

00000000
00000000
00000000
00011000
00000000
00000000
00000000
00000000

00000000
00000000
00111100
00110100
00100100
00000000
00000000
00000000

00000000
00000000
00000000
00011000
00000000
00000000
00000000
00000000

00000000
00000000
00000000
00010000
00000000
00000000
00000000
00000000

00000000
00000000
00111000
00100000
00100000
00000000
00000000
00000000

00000000
00000000
00000000
00011000
00011000
00000000
00000000
00000000

00000000
00000000
00000000
00011000
00011000
00000000
00000000
00000000

00000000
00000000
01111100
01111000
01000000
00000000
00000000
00000000

00000000
00000000
00000000
00011000
00011000
00000000
00000000
00000000

00000000
00000000
01111110
01000000
01110000
11000000
00000000
00000000

00000000
00000000
11111100
11000110
10000010
00000010
00000000
00000000

00000000
00000000
00000000
00011000
00010000
00000000
00000000
00000000

00000000
00000000
00000000
00111000
00100000
00000000
00000000
00000000

00000000
00111000
00110000
00010000
00110000
00110000
00010000
00000000

00000000
00000000
00000000
00011000
00010000
00000000
00000000
00000000

00000000
00000000
00011110
01110010
01010000
00000000
00000000
00000000

00000000
00000000
00111000
00110000
00100000
00000000
00000000
00000000

00000000
00000000
00000000
00010000
00000000
00000000
00000000
00000000

00000000
01111100
01100000
00110000
00100000
01110000
00000000
00000000

00000000
00000000
00111100
01100000
01000000
00000000
00000000
00000000

00000000
00000000
00011100
00011110
01111010
01000000
00000000
00000000

00000000
00000000
00000000
00011000
00010000
00000000
00000000
00000000

00000000
00000000
00111000
00110000
00010000
00000000
00000000
00000000

00000000
00000000
00000000
00111100
00100000
00000000
00000000
00000000

00000000
00000000
00000000
00011000
00010000
00000000
00000000
00000000

00000000
00000000
00000000
00011000
00000000
00000000
00000000
00000000

00000000
00000000
00111000
00111000
00010000
00000000
00000000
00000000

00000000
00000000
00000000
00111100
00100000
00000000
00000000
00000000

00000000
00000000
00111000
00110000
00011000
00010000
00000000
00000000

00000000
00000000
00111100
01100000
01000000
00000000
00000000
00000000

00000000
00111100
00110000
01110000
00011000
00010000
00000000
00000000

00000000
00000000
00011110
00011100
01111000
01000000
00000000
00000000

00000000
00111000
00110000
00100000
01111110
00000010
00000000
00000000

00000000
00000000
00000000
00011000
00000000
00000000
00000000
00000000

00000000
00000000
00011110
11110000
00011000
00011000
00000000
00000000

00000000
00000000
00111000
01111000
00101000
00001100
00000000
00000000

00000000
00000000
00111100
00110000
01100000
01000000
00000000
00000000

00000000
00000000
00000000
00111000
00101000
00000000
00000000
00000000

00000000
00000000
00000000
00010000
00000000
00000000
00000000
00000000

00000000
00000000
00000000
00011000
00000000
00000000
00000000
00000000

00000000
00000000
00111000
00100000
00100000
00000000
00000000
00000000

00000000
00000000
00000000
00011000
00011000
00000000
00000000
00000000

00000000
00000000
00000000
00111000
00100000
00000000
00000000
00000000

00000000
00111100
00110000
00010000
00010000
00010000
00011000
00000000

00000000
00000000
00000000
00011000
00000000
00000000
00000000
00000000

00000000
00000000
00000000
00111000
00100000
00000000
00000000
00000000

00000000
00000000
00000000
00010000
00000000
00000000
00000000
00000000

00000000
00000000
00000000
01111110
01101000
00000000
00000000
00000000

00000000
00000000
00111100
01110000
00100000
00000000
00000000
00000000

00000000
00000000
00000000
00011100
00110100
00000000
00000000
00000000

00000000
00011100
01111000
00010000
00011000
00010000
00110000
00000000

00000000
00000000
00000000
00011000
00000000
00000000
00000000
00000000

00000000
00000000
00000000
00010000
00000000
00000000
00000000
00000000

00000000
00000000
00000000
00011110
01111010
00000000
00000000
00000000

00000000
00000000
00000000
00111000
00100000
00000000
00000000
00000000

00000000
00000000
00000000
00111100
01110000
00000000
00000000
00000000

00000000
00000000
00000000
00011100
00111000
00000000
00000000
00000000

00000000
00000000
00111110
01101010
00001000
00001000
00000000
00000000

00000000
00000000
00001110
01111110
01000100
00000000
00000000
00000000

00000000
00000000
00000000
00010000
00000000
00000000
00000000
00000000

00000000
00000000
00111111
11100100
10000000
00000000
00000000
00000000

00000000
00000000
00000000
00011000
00010000
00000000
00000000
00000000

00000000
00000000
00000000
00111110
11100000
00000000
00000000
00000000

00000000
00000000
00000000
00111000
00110000
00000000
00000000
00000000

00000000
00000000
00000000
00111000
00111000
00000000
00000000
00000000

00000000
00000000
00111000
00111110
00110000
01110000
00000000
00000000

00000000
00000000
00000000
00011100
00110100
00000000
00000000
00000000

00000000
00000000
00000000
00111000
00101000
00000000
00000000
00000000

00000000
00000000
00001110
01101100
00111000
00000000
00000000
00000000

00000000
00000000
00011100
00011000
01110000
00110000
00000000
00000000

00000000
00000000
00000000
00010000
00000000
00000000
00000000
00000000

00000000
00011110
00011000
11110000
10100000
10000000
00000000
00000000

00000000
00000000
00111100
01100100
00100000
00000000
00000000
00000000

00000000
00011100
00011000
00111100
00000100
00001100
00000000
00000000

00000000
00000000
01111100
01000110
01000000
00000000
00000000
00000000

00000000
00000000
00011110
01111110
00011000
00000000
00000000
00000000

00000000
00000000
01111100
01010000
00010000
00010000
00000000
00000000

00000000
00000000
00000000
00011000
00010000
00000000
00000000
00000000

00000000
00000000
00011100
01111000
00110000
00000000
00000000
00000000

00000000
00000000
00000000
00011000
00000000
00000000
00000000
00000000

00000000
00000000
00001110
01111100
00010110
00000110
00000000
00000000

00000000
00000000
00000000
00111000
00100000
00000000
00000000
00000000

00000000
00000000
00111100
00100100
00100000
00000000
00000000
00000000

00000000
00000000
00000000
00111100
00110100
00000000
00000000
00000000
