00001111000000000000000001111111
00001111000000000000000001111111
00011111000000000000000001111111
00001110000000000000000001111111
00001100000000000000000001111111
00000110000000000000000001111111
00000000000000000000000001111111
00000000000000000000000001111111
00000000000000000000000001111111
00000000000000000000000001111111
00000000000000000000000001111111
00000000000000000000000001111111
00000000000000000000000001111111
00000000000000000000000001111111
00000000001100000000000001111111
00000000001110000000000001111111
00000000000111000000000001111111
00000000000111000000000001111111
00000000100110000000000001111111
00000000101111100000000001111111
00000011101110110000000001111111
00000001111000000000000001111111
00001111110000000000000001111111
00000111000000000000000001111111
00000010000000000000000001111111
11111111111111111111111111111111
11111111111111111111111111111111
11111111111111111111111111111111
11111111111111111111111111111111
11111111111111111111111111111111
11111111111111111111111111111111
11111111111111111111111111111111

200

00000000
00000000
00011110
01110010
11000000
00000000
00000000
00000000

00000000
00000000
00000000
00011100
00110000
00000000
00000000
00000000

00000000
00000000
00111000
00100000
00100000
00000000
00000000
00000000

00000000
00000000
00000000
00010000
00000000
00000000
00000000
00000000

00000000
00000000
00000000
00010000
00000000
00000000
00000000
00000000

00000000
00000000
00111110
01100100
11000100
01000000
00000000
00000000

00000000
00000000
00111110
00100000
01100000
11000000
00000000
00000000

00000000
00000000
00000000
00010000
00000000
00000000
00000000
00000000

00000000
00000000
01111100
01000000
01000000
00000000
00000000
00000000

00000000
00000000
00011100
00111000
01110000
00110000
00000000
00000000

00000000
00000000
00011110
00011100
01110000
00000000
00000000
00000000

00000000
00000000
00000000
00011000
00011000
00000000
00000000
00000000

00000000
00011100
00111000
00101100
01100100
00000100
00000000
00000000

00000000
00000000
00011100
00111000
01110000
01100000
00000000
00000000

00000000
00000000
00000000
00111100
00100000
00000000
00000000
00000000

00000000
00000000
00000000
00010000
00000000
00000000
00000000
00000000

00000000
00000000
00000000
00011100
00110000
00000000
00000000
00000000

00000000
00000000
00000000
00011000
00010000
00000000
00000000
00000000

00000000
00000000
00111110
00100000
01110000
01000000
00000000
00000000

00000000
00000000
00011110
00111100
01101000
01000000
00000000
00000000

00000000
00111100
01111000
00010000
00011000
00001000
00001000
00000000

00000000
00000000
00111100
01100100
00100000
00000000
00000000
00000000

00000000
00000000
00011100
00111110
01100010
00000000
00000000
00000000

00000000
00000000
00000000
00011000
00000000
00000000
00000000
00000000

00000000
00000000
00011110
00110000
01110000
00010000
00000000
00000000

00000000
00001110
00011100
00111000
00110000
01100000
00000000
00000000

00000000
00000000
00000000
00011000
00000000
00000000
00000000
00000000

00000000
00000000
00011100
00011000
01111000
00001000
00000000
00000000

00000000
00000000
00111000
00101000
00100000
00000000
00000000
00000000

00000000
00000000
00000000
00111100
00100100
00000000
00000000
00000000

00000000
00000000
00011100
00111000
00101000
00001000
00000000
00000000

00000000
01110000
01100000
00101000
00111100
00100000
00000000
00000000

00000000
00000000
00000000
01111110
01001000
00000000
00000000
00000000

00000000
00000000
00111000
00110000
00010000
00000000
00000000
00000000

00000000
00011100
00111100
00011000
00010000
00111000
00000000
00000000

00000000
00000000
00000000
00010000
00000000
00000000
00000000
00000000

00000000
00000000
00000000
01111110
11100100
00000000
00000000
00000000

00000000
00111100
00110000
00011000
00001000
00001000
00001000
00000000

00000000
00000000
00000000
00011000
00010000
00000000
00000000
00000000

00000000
00000000
00000000
00010000
00000000
00000000
00000000
00000000

00000000
00000000
01111100
11100100
00100100
00000110
00000000
00000000

00000000
00000000
01111110
01000000
01000000
01100000
00000000
00000000

00000000
00000000
00000000
00010000
00000000
00000000
00000000
00000000

00000000
00000000
00000000
00111000
00100000
00000000
00000000
00000000

00000000
00000000
00000000
01111110
01000100
00000000
00000000
00000000

00000000
01111100
01000000
01000000
01000000
01000000
00000000
00000000

00000000
00001110
00011100
00010000
11110000
00100000
00000000
00000000

00000000
00000000
00111100
00110000
00111100
00000000
00000000
00000000

00000000
00000000
00000000
00011000
00000000
00000000
00000000
00000000

00000000
00000000
00111000
00110000
00100000
00000000
00000000
00000000

00000000
00000000
00011100
00111000
00001000
00000000
00000000
00000000

00000000
00000000
01111100
01001000
01001000
00000000
00000000
00000000

00000000
00011110
00010010
00010000
01110000
01000000
00000000
00000000

00000000
00000000
00000000
00011000
00011000
00000000
00000000
00000000

00000000
00000000
00111100
00100000
00110000
00000000
00000000
00000000

00000000
00000000
00000000
00011000
00010000
00000000
00000000
00000000

00000000
00000000
00111100
01100000
01100000
00110000
00000000
00000000

00000000
00000000
00000000
00111000
00100000
00000000
00000000
00000000

00000000
00000000
00111100
01111000
01110000
00010000
00000000
00000000

00000000
00000000
00000000
00011000
00010000
00000000
00000000
00000000

00000000
00000000
00000000
00011000
00011000
00000000
00000000
00000000

00000000
00000000
00000000
00010000
00000000
00000000
00000000
00000000

00000000
00000000
00000000
00010000
00000000
00000000
00000000
00000000

00000000
00000000
00000000
00011000
00010000
00000000
00000000
00000000

00000000
00000000
00000000
00011000
00000000
00000000
00000000
00000000

00000000
00000000
00011110
00011010
00111000
01110000
00000000
00000000

00000000
00000000
00000000
00010000
00000000
00000000
00000000
00000000

00000000
00000000
00000000
00010000
00000000
00000000
00000000
00000000

00000000
00000000
00000000
01111100
01000000
00000000
00000000
00000000

00000000
00000000
00111100
01100000
01000000
00000000
00000000
00000000

00000000
00000000
00111100
00100000
01100000
00100000
00000000
00000000

00000000
00000000
00000000
00011000
00000000
00000000
00000000
00000000

00000000
00000000
00000000
00011000
00000000
00000000
00000000
00000000

00000000
00000000
00000000
00011100
00110100
00000000
00000000
00000000

00000000
00000000
00000000
00010000
00000000
00000000
00000000
00000000

00000000
00000000
00000000
00011000
00000000
00000000
00000000
00000000

00000000
00000000
11111111
11100000
00100000
00000000
00000000
00000000

00000000
00000000
00011100
00111000
01111000
00100000
00000000
00000000

00000000
00000000
00011100
00111100
00010000
00000000
00000000
00000000

00000000
00000000
00000000
00111100
00100100
00000000
00000000
00000000

00000000
00000000
00000000
00111000
00110000
00000000
00000000
00000000

00000000
00000000
00000000
00111000
00101000
00000000
00000000
00000000

00000000
00000000
00000000
00011000
00000000
00000000
00000000
00000000

00000000
00001110
01111110
11000000
01000000
01000000
00000000
00000000

00000000
00001110
01111110
01000100
01000000
01000000
00000000
00000000

00000000
00000000
00000000
00010000
00000000
00000000
00000000
00000000

00000000
00000000
00000000
00011000
00000000
00000000
00000000
00000000

00000000
00000000
00011100
00011000
01110000
00000000
00000000
00000000

00000000
00001110
00011100
00001000
01111100
01000000
00000000
00000000

00000000
00000000
00000000
00011000
00000000
00000000
00000000
00000000

00000000
00000000
00111100
01110000
00011100
00000100
00000000
00000000

00000000
00000000
00111110
00100000
00110000
01100000
00000000
00000000

00000000
00000000
00000000
00010000
00000000
00000000
00000000
00000000

00000000
00000000
00111100
00101000
00101000
00001000
00000000
00000000

00000000
00000000
00000000
00010000
00000000
00000000
00000000
00000000

00000000
00000000
00000000
00011000
00011000
00000000
00000000
00000000

00000000
00000000
00000000
00111000
00110000
00000000
00000000
00000000

00000000
00000000
00000000
00011000
00010000
00000000
00000000
00000000

00000000
00000000
00000000
01111100
01010100
00000000
00000000
00000000

00000000
00000000
00000000
00011000
00000000
00000000
00000000
00000000

00000000
00000000
00111100
00110000
00010000
00000000
00000000
00000000

00000000
00000000
00111100
00100000
00100000
00000000
00000000
00000000

00000000
00000000
00000000
00011100
00110100
00000000
00000000
00000000

00000000
00111000
01111000
00101000
00001100
00000100
00000100
00000000

00000000
00000000
00000000
00010000
00000000
00000000
00000000
00000000

00000000
00000000
01111100
01000000
01100000
00100000
00000000
00000000

00000000
00000000
00000000
00010000
00000000
00000000
00000000
00000000

00000000
00000000
00000000
00111000
00110000
00000000
00000000
00000000

00000000
00000000
00000000
00010000
00000000
00000000
00000000
00000000

00000000
00000000
00111100
00100100
00100000
00000000
00000000
00000000

00000000
00000000
00011100
01111000
01001000
01100000
00000000
00000000

00000000
00000000
00111100
00100000
00100000
00100000
00000000
00000000

00000000
00000000
01111100
01100000
00100000
00000000
00000000
00000000

00000000
00011110
01110000
01010000
00010000
00110000
00000000
00000000

00000000
00000000
00111000
00101000
00100000
00000000
00000000
00000000

00000000
01111100
01000000
01000000
01000000
01000000
00000000
00000000

00000000
00000000
00111000
00111100
00100000
00000000
00000000
00000000

00000000
00000000
00000000
00111000
00110000
00000000
00000000
00000000

00000000
00000000
00000000
00011000
00011000
00000000
00000000
00000000

00000000
00000000
01111100
01001000
00001000
00001000
00000000
00000000

00000000
00000000
00000000
00111100
00100000
00000000
00000000
00000000

00000000
00000000
00111100
00100100
00100000
00000000
00000000
00000000

00000000
00000000
00111000
00100000
00100000
00000000
00000000
00000000

00000000
00000000
00111000
00110000
00010000
00111000
00000000
00000000

00000000
00111100
00111000
00011000
01110000
01000000
00000000
00000000

00000000
00000000
00111110
00100000
01100000
00100000
00000000
00000000

00000000
00000000
01111000
01001100
01000000
01100000
00000000
00000000

00000000
00000000
00000000
00011000
00011000
00000000
00000000
00000000

00000000
00000000
11111000
11001111
00000100
00000000
00000000
00000000

00000000
00000000
00000000
00111100
00110000
00000000
00000000
00000000

00000000
00000000
00111100
01100000
00110000
00000000
00000000
00000000

00000000
00000000
00111100
00111000
00001100
00000000
00000000
00000000

00000000
00000000
00000000
00010000
00000000
00000000
00000000
00000000

00000000
00000000
00011100
00111000
00001000
00000000
00000000
00000000

00000000
00000000
01111000
01101100
01001000
00000000
00000000
00000000

00000000
00000000
00000000
00010000
00000000
00000000
00000000
00000000

00000000
00000000
00011110
01110000
00010000
00000000
00000000
00000000

00000000
00000000
00000000
00011000
00010000
00000000
00000000
00000000

00000000
00011100
01111000
00100000
00110000
00110000
00010000
00000000

00000000
00000000
00000000
00111000
00110000
00000000
00000000
00000000

00000000
01111100
01010000
00010000
00011000
00110000
00000000
00000000

00000000
00000000
00000000
00011000
00011000
00000000
00000000
00000000

00000000
00000000
00000000
00010000
00000000
00000000
00000000
00000000

00000000
00000000
00000000
00111000
00101000
00000000
00000000
00000000

00000000
00000000
00000000
00111000
00100000
00000000
00000000
00000000

00000000
00000000
00111000
01110000
00011100
00000000
00000000
00000000

00000000
00000000
01111100
01100000
01100000
00000000
00000000
00000000

00000000
00000000
00000000
00010000
00000000
00000000
00000000
00000000

00000000
00000000
00111100
00110100
00100100
00000100
00000000
00000000

00000000
00000000
00001110
01111110
00011000
00000000
00000000
00000000

00000000
00000000
00000000
01111100
01100000
00000000
00000000
00000000

00000000
00111000
01111100
01000000
01110000
00100000
00000000
00000000

00000000
00000000
00111110
01110000
01100000
00100000
00000000
00000000

00000000
00000000
01111000
01101110
00101000
00000000
00000000
00000000

00000000
00000000
00111000
00110000
00011000
00010000
00000000
00000000

00000000
00000000
00011110
01111100
00010100
00010000
00000000
00000000

00000000
00011100
00011100
00110000
00100000
00100000
00000000
00000000

00000000
00000000
00000000
00011000
00000000
00000000
00000000
00000000

00000000
00000000
00000000
01111110
01101000
00000000
00000000
00000000

00000000
00000000
00000000
00010000
00000000
00000000
00000000
00000000

00000000
00000000
00111100
00100000
00100000
00000000
00000000
00000000

00000000
00011110
00111000
00100000
01100000
00100000
00000000
00000000

00000000
00000000
00111000
00111000
00100000
00000000
00000000
00000000

00000000
00000000
00111100
00101000
00101000
00000000
00000000
00000000

00000000
00000000
00000000
01111110
01000010
00000000
00000000
00000000

00000000
00000000
00000000
00010000
00000000
00000000
00000000
00000000

00000000
00111100
01101000
00001000
00001000
00001000
00000000
00000000

00000000
00000000
00000000
00011000
00000000
00000000
00000000
00000000

00000000
00000000
00000000
00010000
00000000
00000000
00000000
00000000

00000000
00000000
00011100
00111000
00001000
00000000
00000000
00000000

00000000
00000000
00111000
01110000
00011100
00000100
00000000
00000000

00000000
00000000
00000000
00011100
00110000
00000000
00000000
00000000

00000000
00000000
00000000
00010000
00000000
00000000
00000000
00000000

00000000
00000000
00000000
00011000
00000000
00000000
00000000
00000000

00000000
00000000
00011110
01011000
01110000
00000000
00000000
00000000

00000000
00000000
00111000
00110000
00010000
00010000
00000000
00000000

00000000
00000000
00000000
00111000
00100000
00000000
00000000
00000000

00000000
00000000
00111000
00110000
01111100
00000000
00000000
00000000

00000000
00000000
00111100
01111000
01101100
00100000
00000000
00000000

00000000
00000000
00000000
00011000
00000000
00000000
00000000
00000000

00000000
00000000
00000000
00011000
00011000
00000000
00000000
00000000

00000000
00000000
00111000
00100000
00100000
00000000
00000000
00000000

00000000
00000000
00000000
00010000
00000000
00000000
00000000
00000000

00000000
00000000
00111110
10100000
11100000
00100000
00000000
00000000

00000000
00000000
00000000
00011000
00010000
00000000
00000000
00000000

00000000
00000000
00111100
00101000
00100000
00100000
00000000
00000000

00000000
00000000
00000000
00111000
00100000
00000000
00000000
00000000

00000000
00000000
00000000
00011000
00010000
00000000
00000000
00000000

00000000
00000000
00011100
00011100
00110000
00100000
00000000
00000000

00000000
00000000
00000000
01111100
01110000
00000000
00000000
00000000

00000000
00000000
00000000
00011100
00110000
00000000
00000000
00000000

00000000
00000000
00000000
00011100
00111000
00000000
00000000
00000000

00000000
00000000
00000000
00111100
00110000
00000000
00000000
00000000

00000000
00000000
00000000
00111000
00100000
00000000
00000000
00000000

00000000
00000000
00111110
01100000
00100000
00000000
00000000
00000000

00000000
00000000
00000000
00011100
00110000
00000000
00000000
00000000

00000000
00000000
00000000
00010000
00000000
00000000
00000000
00000000

00000000
00000000
00000000
01111110
01110000
00000000
00000000
00000000

00000000
00111000
01110000
00011110
00010010
00010000
00000000
00000000

00000000
00000000
01111110
01011000
00001000
00000000
00000000
00000000
