00000000000000000000111001111111
00000000000000000000111101111111
00000000000000000000010001111111
00000000000000000000000011111111
00000000000000000000011011111111
00000000000000000000001111111111
00000000000000000000000111111111
00000000000000000000000111111111
00000000000000000000101101111111
00000010000000000001100001111111
00000110000000000111100001111111
00001111000000000001111001111111
00001100000000000000111101111111
00010100000000000111000001111111
00000000000000000001100001111111
00000000000000000001100001111111
00100000000000000000100001111111
00110000000000000000000001111111
00110000000000000000000001111111
01100000000000000000000001111111
00000000000000000000000001111111
00000000000000000000000001111111
00000000000000000000000001111111
00000000000000000000000001111111
00000000000000000000000001111111
11111111111111111111111111111111
11111111111111111111111111111111
11111111111111111111111111111111
11111111111111111111111111111111
11111111111111111111111111111111
11111111111111111111111111111111
11111111111111111111111111111111

200

00000000
00000000
00000000
00111000
00110000
00000000
00000000
00000000

00000000
00000000
00000000
00010000
00000000
00000000
00000000
00000000

00000000
00000000
00111111
01110001
11010000
00000000
00000000
00000000

00000000
00000000
00011100
00111100
00010100
00000000
00000000
00000000

00000000
00000000
00011110
00111100
11110100
00000000
00000000
00000000

00000000
00000000
00000000
00010000
00000000
00000000
00000000
00000000

00000000
00000000
00111000
00100000
00100000
00000000
00000000
00000000

00000000
00000000
00000000
00010000
00000000
00000000
00000000
00000000

00000000
00000000
00011100
00011100
00110000
00000000
00000000
00000000

00000000
00000000
01111000
01101100
00100100
01110000
00000000
00000000

00000000
00000000
00000000
00011110
11110100
00000000
00000000
00000000

00000000
00000000
00001110
01111100
11010100
10000000
00000000
00000000

00000000
00011100
00111100
00010000
00011000
00010000
00000000
00000000

00000000
00000000
00000000
00010000
00000000
00000000
00000000
00000000

00000000
00000000
00000000
00011000
00010000
00000000
00000000
00000000

00000000
00000000
00000000
00011000
00000000
00000000
00000000
00000000

00000000
00000000
00000000
00011000
00010000
00000000
00000000
00000000

00000000
00000000
00000000
00010000
00000000
00000000
00000000
00000000

00000000
00000000
00001110
00011100
01110110
00100000
00000000
00000000

00000000
00000000
00000000
00111000
00101000
00000000
00000000
00000000

00000000
00000000
01111100
01001000
01000000
00000000
00000000
00000000

00000000
00011100
00111000
00010000
00011100
00010000
00011000
00000000

00000000
00000000
00000000
00010000
00000000
00000000
00000000
00000000

00000000
00000000
00111100
00110000
00010000
00000000
00000000
00000000

00000000
00000000
00111000
00111000
00010000
00000000
00000000
00000000

00011100
00011000
00010000
00010000
00110000
00011000
00001000
00001000

00000000
00000000
00011110
01110100
01000000
01110000
00000000
00000000

00000000
01111000
01101100
00001100
00001000
00001000
00000000
00000000

00000000
00000000
00000000
00010000
00000000
00000000
00000000
00000000

00000000
00000000
00000000
00010000
00000000
00000000
00000000
00000000

00000000
00000000
00000000
00111100
00100100
00000000
00000000
00000000

00000000
00000000
00000000
00111100
00100000
00000000
00000000
00000000

00000000
00000000
00000000
00011000
00011000
00000000
00000000
00000000

00000000
01110000
01100000
00100000
00100000
00111110
00000000
00000000

00000000
00000000
00011100
00111000
00100000
00000000
00000000
00000000

00000000
00000000
00000000
00011000
00010000
00000000
00000000
00000000

00000000
00000000
00000000
00111000
00100000
00000000
00000000
00000000

00000000
00000000
00011110
00011000
11110000
00000000
00000000
00000000

00000000
00000000
00000000
00011000
00000000
00000000
00000000
00000000

00000000
00000000
00000000
00111100
01100000
00000000
00000000
00000000

00000000
00000000
00000000
00011000
00010000
00000000
00000000
00000000

00000000
00000000
00000000
00011000
00000000
00000000
00000000
00000000

00000000
00000000
00000000
00011000
00011000
00000000
00000000
00000000

00000000
00000000
00000000
01111100
01100000
00000000
00000000
00000000

00000000
00000000
00000000
00111000
00100000
00000000
00000000
00000000

00000000
00000000
00000000
00011000
00011000
00000000
00000000
00000000

00000000
00000000
00011110
00011000
01111000
00001110
00000000
00000000

00000000
00000000
00000000
00111100
00110000
00000000
00000000
00000000

00000000
00000000
00000000
00011100
00110100
00000000
00000000
00000000

00000000
00111100
00101000
00001000
00001000
00001100
00000000
00000000

00000000
00000000
00111000
01111100
00100110
00000000
00000000
00000000

00000000
00000000
00111100
00110000
00010000
00000000
00000000
00000000

00000000
00000000
00000000
01111110
01000100
00000000
00000000
00000000

00000000
00000000
00000000
00111100
00110000
00000000
00000000
00000000

00000000
00011110
01110000
01010000
00010000
00010000
00000000
00000000

00000000
00000000
00111100
00101000
00100000
00110000
00000000
00000000

00000000
00000000
01111100
01101000
00101000
00000000
00000000
00000000

00000000
00000000
00000000
00011000
00010000
00000000
00000000
00000000

00000000
00000000
00000000
00111000
00101000
00000000
00000000
00000000

00000000
00000000
00111100
01100110
01100000
00000000
00000000
00000000

00000000
00000000
00000000
00111000
00110000
00000000
00000000
00000000

00000000
00000000
00000000
00111000
00110000
00000000
00000000
00000000

00000000
00000000
01111000
01101100
01000100
00000000
00000000
00000000

00000000
00000000
00000000
00011000
00010000
00000000
00000000
00000000

00000000
00000000
00111100
00101000
00001000
00000000
00000000
00000000

00000000
00000000
00000000
00111000
00111000
00000000
00000000
00000000

00000000
00000000
01110100
01111100
00000100
00000000
00000000
00000000

00000000
00111000
00110000
00010000
00110000
00011000
00010000
00000000

00000000
00000000
00000000
00111100
00110000
00000000
00000000
00000000

00000000
00000000
00000000
00111100
00100000
00000000
00000000
00000000

00000000
00000000
00111110
01110100
00010000
00000000
00000000
00000000

00000000
00111000
00110000
00011100
00010000
00010000
00011000
00000000

00000000
00000000
00000000
00011000
00010000
00000000
00000000
00000000

00000000
00000000
00000000
00011000
00000000
00000000
00000000
00000000

00000000
00000000
00111100
00100100
00100100
00100000
00000000
00000000

00000000
00000000
00000000
00010000
00000000
00000000
00000000
00000000

00000000
00000000
00000000
00011000
00010000
00000000
00000000
00000000

00000000
00000000
00011110
01110100
01100100
00100000
00000000
00000000

00000000
00000000
00111100
00101000
00101100
00001100
00000000
00000000

00000000
00000000
01111100
01000110
01110000
00000000
00000000
00000000

00000000
00000000
00000000
00011000
00000000
00000000
00000000
00000000

00000000
00000000
00000000
00111100
01111000
00000000
00000000
00000000

00000000
00000000
00000000
00011100
00110000
00000000
00000000
00000000

00000000
00000000
00111100
01110000
00010000
00000000
00000000
00000000

00000000
00000000
00111100
00110100
00000100
00000000
00000000
00000000

00000000
00111110
10110000
11100000
00100000
00100000
00000000
00000000

00000000
00000000
00000000
00010000
00000000
00000000
00000000
00000000

00000000
00000000
00000000
00011000
00011000
00000000
00000000
00000000

00000000
00000000
00111000
00111000
00010000
00010000
00000000
00000000

00000000
00000000
00011100
00111000
00101000
00001000
00000000
00000000

00000000
00000000
00000000
00111100
00110000
00000000
00000000
00000000

00000000
00000000
00000000
01111100
01100100
00000000
00000000
00000000

00000000
00000000
00000000
00011000
00010000
00000000
00000000
00000000

00000000
00000000
00011100
01111000
01000000
01100000
00000000
00000000

00000000
00000000
00000000
00010000
00000000
00000000
00000000
00000000

00000000
00000000
00001111
11111100
01001000
00000000
00000000
00000000

00000000
00000000
00000000
00011000
00010000
00000000
00000000
00000000

00000000
00000000
00000000
00010000
00000000
00000000
00000000
00000000

00000000
00000000
00000000
00010000
00000000
00000000
00000000
00000000

00000000
00000000
00011110
11111000
01000000
01000000
00000000
00000000

00000000
00000000
00000000
00011000
00000000
00000000
00000000
00000000

00000000
00000000
00111000
00100000
00100000
00000000
00000000
00000000

00000000
00000000
00000000
00111110
01110000
00000000
00000000
00000000

00000000
00000000
00111100
00110000
00010000
00000000
00000000
00000000

00000000
00000000
00000000
00011000
00000000
00000000
00000000
00000000

00000000
00011100
00011000
00011000
00011000
00110000
00000000
00000000

00000000
00000000
00000000
00011000
00000000
00000000
00000000
00000000

00000000
00000000
00111100
00110000
00100000
00000000
00000000
00000000

00000000
00000000
00000000
00111100
01110110
00000000
00000000
00000000

00000000
00000000
00111110
00110010
11100000
00100000
00000000
00000000

00000000
00000000
00000000
00011100
00110000
00000000
00000000
00000000

00000000
00000000
00111100
01110000
00010000
00000000
00000000
00000000

00000000
00000000
00111000
00100000
00100000
00000000
00000000
00000000

00000000
00000000
00000000
00111100
01100000
00000000
00000000
00000000

00000000
00000000
00000000
00011000
00010000
00000000
00000000
00000000

00000000
00000000
00000000
00011000
00010000
00000000
00000000
00000000

00000000
00000000
00011100
00111000
00100000
00000000
00000000
00000000

00000000
00000000
00011111
11111000
00001110
00000000
00000000
00000000

00000000
00000000
00111100
00100110
01100000
00000000
00000000
00000000

00000000
00000000
00111000
00101000
00101000
00000000
00000000
00000000

00000000
00000000
00000000
00111100
01110000
00000000
00000000
00000000

00000000
00000000
00011110
01111000
01000000
01000000
00000000
00000000

00000000
00000000
00111000
00100000
00100000
00000000
00000000
00000000

00000000
11111110
11000010
00000010
00000010
00000010
00000000
00000000

00000000
00000000
00111000
00100000
00100000
00000000
00000000
00000000

00000000
00000000
00111000
00101000
00100000
00000000
00000000
00000000

00000000
00000000
00000000
00010000
00000000
00000000
00000000
00000000

00000000
00000000
00000000
00111100
01110000
00000000
00000000
00000000

00000000
00000000
00011100
00011110
11110000
00000000
00000000
00000000

00000000
00111000
00110000
00010000
00010000
00011000
00000000
00000000

00000000
00000000
00000000
00011000
00010000
00000000
00000000
00000000

00000000
00000000
00000000
00011000
00000000
00000000
00000000
00000000

00000000
00000000
00011110
00110010
00100000
01100000
00000000
00000000

00000000
00000000
00011110
00011110
11111000
00000000
00000000
00000000

00000000
00000000
00000000
00011000
00010000
00000000
00000000
00000000

00000000
00000000
01111110
01000100
11000000
00000000
00000000
00000000

00000000
00000000
00000000
00011000
00011000
00000000
00000000
00000000

00000000
00000000
00011100
00111000
01100000
01100000
00000000
00000000

00000000
00000000
00011100
00011000
00111000
00010000
00000000
00000000

00000000
00000000
00011110
01010100
01110000
00011000
00000000
00000000

00000000
00000000
00001110
11111100
10000100
10000000
00000000
00000000

00000000
00000000
00111110
01100100
00000110
00000000
00000000
00000000

00000000
00000000
00000000
00111100
00110000
00000000
00000000
00000000

00000000
00000000
00000000
00111000
00100000
00000000
00000000
00000000

00000000
00000000
00000000
00010000
00000000
00000000
00000000
00000000

00000000
00000000
00000000
00011000
00011000
00000000
00000000
00000000

00000000
00000000
00111000
00110000
00011000
00010000
00000000
00000000

00000000
00011100
01111000
00010000
00010000
00010000
00000000
00000000

00000000
00000000
00000000
00010000
00000000
00000000
00000000
00000000

00000000
00000000
00000000
00010000
00000000
00000000
00000000
00000000

00000000
00000000
00011100
00111100
01100000
00000000
00000000
00000000

00000000
00000000
00111000
00111000
00010000
00000000
00000000
00000000

00000000
00000000
00000000
00011000
00011000
00000000
00000000
00000000

00000000
00000000
00000000
00111000
00110000
00000000
00000000
00000000

00000000
00000000
00000000
00011100
00110000
00000000
00000000
00000000

00000000
00000000
00000000
01111110
01100000
00000000
00000000
00000000

00000000
00000000
00000000
00111100
00111000
00000000
00000000
00000000

00000000
00000000
00000000
00011000
00011000
00000000
00000000
00000000

00000000
00000000
00000000
00011000
00010000
00000000
00000000
00000000

00000000
00000000
00000000
00011000
00000000
00000000
00000000
00000000

00000000
00000000
01111100
01110100
00100110
00000100
00000000
00000000

00000000
00000000
01111100
01100000
00100000
00000000
00000000
00000000

00000000
01110100
01111100
00010000
00010000
00010000
00000000
00000000

00000000
00000000
00000000
00111000
00101000
00000000
00000000
00000000

00000000
00000000
00000000
01111110
01011000
00000000
00000000
00000000

00000000
00000000
00000000
00011000
00000000
00000000
00000000
00000000

00000000
00000000
00000000
00111100
00110100
00000000
00000000
00000000

00000000
00000000
00000000
00011000
00010000
00000000
00000000
00000000

00000000
00000000
00000000
00011100
00110000
00000000
00000000
00000000

00000000
00000000
00000000
00011000
00011000
00000000
00000000
00000000

00000000
00000000
00000000
00111100
00101000
00000000
00000000
00000000

00000000
00000000
00111100
00100100
00110000
00000000
00000000
00000000

00000000
00011100
00011100
00111000
00010000
00010000
00010000
00000000

00000000
00000000
00111110
01100100
00000100
00000100
00000000
00000000

00000000
00000000
00000000
00011000
00010000
00000000
00000000
00000000

00000000
00000000
00111100
01100000
01000000
00000000
00000000
00000000

00000000
00011110
00011000
00111000
00100000
01100000
01000000
00000000

00000000
00000000
00000000
00111000
00100000
00000000
00000000
00000000

00000000
00000000
00111100
00100000
01100000
00000000
00000000
00000000

00000000
00000000
00111000
00100000
00100000
00000000
00000000
00000000

00000000
00000000
00000000
00011000
00010000
00000000
00000000
00000000

00000000
00000000
00000000
00111100
00100100
00000000
00000000
00000000

00000000
00000000
00000000
00111000
00100000
00000000
00000000
00000000

00000000
00000000
00000000
00011000
00000000
00000000
00000000
00000000

00000000
00000000
00111100
01110000
00011000
00000000
00000000
00000000

00000000
00000000
00111100
01111000
00100000
01100000
00000000
00000000

00000000
00000000
00111100
11101000
10001110
00000000
00000000
00000000

00000000
00000000
00000000
00011000
00011000
00000000
00000000
00000000

00000000
00000000
00111100
01101000
00001000
00000000
00000000
00000000

00000000
00000000
00000000
00011000
00010000
00000000
00000000
00000000

00000000
00000000
00000000
00111000
00101000
00000000
00000000
00000000

00000000
00000000
00000000
00011000
00000000
00000000
00000000
00000000

00000000
00000000
00000000
00111100
01100000
00000000
00000000
00000000

00000000
00000000
00000000
00010000
00000000
00000000
00000000
00000000

00000000
00011100
00011000
00010000
01110000
00100000
00100000
00000000

00000000
00000000
00011100
00011000
01110000
00100000
00000000
00000000

00000000
00000000
00000000
00111000
00110000
00000000
00000000
00000000

00000000
00000000
00000000
00011000
00000000
00000000
00000000
00000000

00000000
00000000
00000000
00111000
00111000
00000000
00000000
00000000

00000000
00000000
00000000
00111000
00100000
00000000
00000000
00000000
