00000000111111111111111111111111
11000010111111111111111111111111
11101110111111111111111111111111
01001111111111111111111111111111
00000111111111111111111111111111
00000101111111111111111111111111
00000000111111111111111111111111
00000000111111111111111111111111
11111111111111111111111111111111
11111111111111111111111111111111
11111111111111111111111111111111
11111111111111111111111111111111
11111111111111111111111111111111
11111111111111111111111111111111
11111111111111111111111111111111
11111111111111111111111111111111
11111111111111111111111111111111
11111111111111111111111111111111
11111111111111111111111111111111
11111111111111111111111111111111
11111111111111111111111111111111
11111111111111111111111111111111
11111111111111111111111111111111
11111111111111111111111111111111
11111111111111111111111111111111
11111111111111111111111111111111
11111111111111111111111111111111
11111111111111111111111111111111
11111111111111111111111111111111
11111111111111111111111111111111
11111111111111111111111111111111
11111111111111111111111111111111

12

00000000
00000000
00000000
00011000
00011000
00000000
00000000
00000000

00000000
00000000
00010000
00111000
00010000
00000000
00000000
00000000

00000000
00000000
00000000
00010000
00111100
00000000
00000000
00000000

00000000
00000000
00000000
00111000
00001100
00000000
00000000
00000000

00000000
00000000
00000000
00111000
00100000
00000000
00000000
00000000

00000000
00000000
00000000
00111100
00000000
00000000
00000000
00000000

00000000
00000000
00000000
00111000
00100000
00000000
00000000
00000000

00000000
00000000
00000000
00111000
00100000
00000000
00000000
00000000

00000000
00000000
00000000
00111110
00000000
00000000
00000000
00000000

00000000
00000000
00000000
00111100
00000000
00000000
00000000
00000000

00000000
00000000
00000000
00100000
00111000
00100000
00000000
00000000

00000000
00000000
00000000
00010000
00111100
00000000
00000000
00000000
