00001010111111111111111111111111
00010000111111111111111111111111
01001001111111111111111111111111
00000000111111111111111111111111
01000001111111111111111111111111
00000000111111111111111111111111
10110000111111111111111111111111
00000001111111111111111111111111
11111111111111111111111111111111
11111111111111111111111111111111
11111111111111111111111111111111
11111111111111111111111111111111
11111111111111111111111111111111
11111111111111111111111111111111
11111111111111111111111111111111
11111111111111111111111111111111
11111111111111111111111111111111
11111111111111111111111111111111
11111111111111111111111111111111
11111111111111111111111111111111
11111111111111111111111111111111
11111111111111111111111111111111
11111111111111111111111111111111
11111111111111111111111111111111
11111111111111111111111111111111
11111111111111111111111111111111
11111111111111111111111111111111
11111111111111111111111111111111
11111111111111111111111111111111
11111111111111111111111111111111
11111111111111111111111111111111
11111111111111111111111111111111

12

00000000
00000000
00010000
00111000
00001000
00000000
00000000
00000000

00000000
00000000
00000000
00110000
00111000
00000000
00000000
00000000

00000000
00000000
00110000
00011000
00001000
00000000
00000000
00000000

00000000
00000000
00000000
00111100
00000000
00000000
00000000
00000000

00000000
00000000
00000000
00100000
00111000
00100000
00000000
00000000

00000000
00000000
00110000
00011000
00001000
00000000
00000000
00000000

00000000
00000000
00000000
00111100
00000100
00000000
00000000
00000000

00000000
00000000
00000000
00111000
00001100
00000000
00000000
00000000

00000000
00000000
00000000
00010000
00111100
00000000
00000000
00000000

00000000
00000000
00000000
00111000
00001100
00000000
00000000
00000000

00000000
00000000
00000000
00111000
00101000
00000000
00000000
00000000

00000000
00000000
00000000
00011000
00011000
00000000
00000000
00000000
