00001111111111111111111111111111
01101000111111111111111111111111
11000011111111111111111111111111
11100011111111111111111111111111
10000001111111111111111111111111
00000001111111111111111111111111
00000000111111111111111111111111
00000000111111111111111111111111
11111111111111111111111111111111
11111111111111111111111111111111
11111111111111111111111111111111
11111111111111111111111111111111
11111111111111111111111111111111
11111111111111111111111111111111
11111111111111111111111111111111
11111111111111111111111111111111
11111111111111111111111111111111
11111111111111111111111111111111
11111111111111111111111111111111
11111111111111111111111111111111
11111111111111111111111111111111
11111111111111111111111111111111
11111111111111111111111111111111
11111111111111111111111111111111
11111111111111111111111111111111
11111111111111111111111111111111
11111111111111111111111111111111
11111111111111111111111111111111
11111111111111111111111111111111
11111111111111111111111111111111
11111111111111111111111111111111
11111111111111111111111111111111

12

00000000
00000000
01110000
01111000
11001110
00000000
00000000
00000000

00000000
00000000
00001100
11111000
10001110
00000000
00000000
00000000

00000000
00111110
01110000
00100000
00100000
00100000
00000000
00000000

00000000
00000000
00011000
01111100
01010000
00010000
00000000
00000000

00000000
00000000
00001110
11001100
01111000
00100000
00000000
00000000

00000000
00000000
01111100
01001000
00011110
00001000
00000000
00000000

00000000
00000000
00011100
00111100
00111000
00011000
00000000
00000000

00000000
00011100
01111000
00010000
00011000
00011000
00000000
00000000

00000000
00111100
01110100
00100100
00000100
00000100
00000000
00000000

00000000
01111100
01010000
00010000
00110000
00100000
00000000
00000000

00000000
00000000
01110000
01111100
01100000
00000000
00000000
00000000

00000000
00000000
01111100
01100100
00100000
00100000
00000000
00000000
