11000000111111111111111111111111
00011001111111111111111111111111
01000110111111111111111111111111
00000000111111111111111111111111
10000101111111111111111111111111
10101000111111111111111111111111
01000010111111111111111111111111
00011001111111111111111111111111
11111111111111111111111111111111
11111111111111111111111111111111
11111111111111111111111111111111
11111111111111111111111111111111
11111111111111111111111111111111
11111111111111111111111111111111
11111111111111111111111111111111
11111111111111111111111111111111
11111111111111111111111111111111
11111111111111111111111111111111
11111111111111111111111111111111
11111111111111111111111111111111
11111111111111111111111111111111
11111111111111111111111111111111
11111111111111111111111111111111
11111111111111111111111111111111
11111111111111111111111111111111
11111111111111111111111111111111
11111111111111111111111111111111
11111111111111111111111111111111
11111111111111111111111111111111
11111111111111111111111111111111
11111111111111111111111111111111
11111111111111111111111111111111

12

00000000
00000000
00110000
00011000
00001000
00000000
00000000
00000000

00000000
00000000
00000000
00111000
00001100
00000000
00000000
00000000

00000000
00000000
00010000
00111000
00010000
00000000
00000000
00000000

00000000
00000000
00000000
00110000
00111000
00000000
00000000
00000000

00000000
00000000
00000000
00100000
00111000
00001000
00000000
00000000

00000000
00000000
00000000
00011000
00011000
00000000
00000000
00000000

00000000
00000000
00000000
00111000
00100000
00000000
00000000
00000000

00000000
00000000
00000000
00111110
00000000
00000000
00000000
00000000

00000000
00000000
00000000
00110000
00011000
00000000
00000000
00000000

00000000
00000000
00000000
00110000
00111000
00000000
00000000
00000000

00000000
00000000
00010000
00111000
00010000
00000000
00000000
00000000

00000000
00000000
00000000
00111000
00001100
00000000
00000000
00000000
