1 2 0.000000 0.000000 0.000000 0.000000 0.000000 0.000000
1 2 0.000000 0.000000 0.000000 0.000000 0.000000 0.000000
1 2 0.000000 0.000000 0.000000 0.000000 0.000000 0.000000
1 2 0.000000 0.000000 0.000000 0.000000 0.000000 0.000000
1 2 0.000000 0.000000 0.000000 0.000000 0.000000 0.000000
1 2 0.000000 0.000000 0.000000 0.000000 0.000000 0.000000
1 2 0.000000 0.000000 0.000000 0.000000 0.000000 0.000000
1 2 0.000000 0.000000 0.000000 0.000000 0.000000 0.000000
1 2 0.000000 0.000000 0.000000 0.000000 0.000000 0.000000
1 2 0.000000 0.000000 0.000000 0.000000 0.000000 0.000000
1 2 0.000000 0.000000 0.000000 0.000000 0.000000 0.000000
1 2 0.000000 0.000000 0.000000 0.000000 0.000000 0.000000
1 2 0.000000 0.000000 0.000000 0.000000 0.000000 0.000000
1 2 0.000000 0.000000 0.000000 0.000000 0.000000 0.000000
1 2 0.000000 0.000000 0.000000 0.000000 0.000000 0.000000
1 2 0.000000 0.000000 0.000000 0.000000 0.000000 0.000000
1 2 0.000000 0.000000 0.000000 0.000000 0.000000 0.000000
1 2 0.000000 0.000000 0.000000 0.000000 0.000000 0.000000
1 2 0.000000 0.000000 0.000000 0.000000 0.000000 0.000000
1 2 0.000000 0.000000 0.000000 0.000000 0.000000 0.000000
0 0 0.000000 0.000000 0.000000 0.000000 0.000000 0.000000
0 0 0.000000 0.000000 0.000000 0.000000 0.000000 0.000000
0 0 0.000000 0.000000 0.000000 0.000000 0.000000 0.000000
0 0 0.000000 0.000000 0.000000 0.000000 0.000000 0.000000
0 0 0.000000 0.000000 0.000000 0.000000 0.000000 0.000000
0 0 0.000000 0.000000 0.000000 0.000000 0.000000 0.000000
0 0 0.000000 0.000000 0.000000 0.000000 0.000000 0.000000
0 0 0.000000 0.000000 0.000000 0.000000 0.000000 0.000000
0 0 0.000000 0.000000 0.000000 0.000000 0.000000 0.000000
0 0 0.000000 0.000000 0.000000 0.000000 0.000000 0.000000
